02.08
02.12
02.13
02.18
02.28
02.46
02.51
02.56
05.04
05.10
05.45
06.04
06.18
06.32
06.59
07.07
07.08
07.10
07.14
07.29
07.30
09.11
11.39
12.34
13.10
13.37
15.01
15.54
16.32
17.17
17.18
17.19
17.20
17.21
18.00
18.54
19.12
20.55
20.60
21.34
21.55
23.01
23.48
24.07
24.16
24.19
24.30
24.35
25.00
25.03
26.33
26.49
27.52
28.46
31.13
31.16
31.51
33.57
35.10
35.16
36.11
36.18
36.22
36.26
36.28
37.41
37.56
37.62
38.52
39.48
39.49
39.50
39.51
39.52
39.53
39.54
39.55
39.56
39.57
40.04
40.36
41.62
42.09
42.12
42.13
42.52
42.54
44.23
